-8.999999999999996891e-02
-1.000000000000000368e-02
-1.400000000000000133e-01
-8.000000000000001554e-02
-2.949999999999999845e-01
-1.900000000000000300e-01
-8.000000000000004330e-02
-7.000000000000000666e-02
1.499999999999999251e-02
1.000000000000000021e-03
-3.000000000000000062e-03
5.299999999999999850e-02
5.000000000000006176e-03
-2.500000000000000833e-02
-5.000000000000000104e-03
-1.000000000000000021e-02
9.999999999999996739e-03
-7.000000000000000666e-02
9.999999999999996739e-03
-8.299999999999999045e-02
-6.500000000000000222e-02
-3.700000000000001205e-02
-6.000000000000001166e-02
-1.199999999999999852e-02
-7.000000000000000666e-02
2.999999999999999889e-02
-4.999999999999994033e-03
1.300000000000000114e-02
-4.500000000000001221e-02
-1.699999999999999428e-02
-2.899999999999999106e-02
-1.489999999999998548e-01
2.000000000000000389e-02
0.000000000000000000e+00
-1.699999999999999428e-02
1.999999999999998307e-03
-1.999999999999999695e-02
-2.000000000000000042e-03
-2.799999999999999711e-02
0.000000000000000000e+00
-4.000000000000000083e-02
-1.700000000000000469e-02
4.299999999999998268e-02
1.999999999999999348e-02
-1.000000000000000368e-02
1.000000000000000021e-02
1.000000000000003490e-03
-5.000000000000000104e-03
-2.500000000000004996e-02
-7.000000000000000146e-03
-4.000000000000000083e-02
-1.000000000000000368e-02
-1.000000000000000333e-01
2.100000000000002559e-02
3.469446951953614189e-18
-1.000000000000000021e-02
5.000000000000003574e-03
2.400000000000000744e-02
1.000000000000000021e-02
-5.000000000000000104e-03
-1.799999999999999517e-02
0.000000000000000000e+00
-5.000000000000000278e-02
-1.469999999999999640e-01
-4.600000000000002698e-02
6.499999999999998834e-02
-2.000000000000000042e-02
6.000000000000000125e-03
-1.699999999999999775e-02
0.000000000000000000e+00
-2.000000000000000042e-03
-5.000000000000000104e-03
-1.999999999999999695e-02
-2.000000000000000042e-02
-1.000000000000000194e-02
0.000000000000000000e+00
5.500000000000000722e-02
-1.799999999999999864e-02
-1.599999999999999686e-02
-2.000000000000000042e-02
-1.999999999999999695e-02
-2.999999999999999889e-02
-2.699999999999999623e-02
0.000000000000000000e+00
-4.700000000000000011e-02
-2.699999999999999623e-02
-3.469446951953614189e-18
-1.000000000000000368e-02
-2.000000000000000389e-02
-9.000000000000023606e-03
-4.000000000000000777e-02
-1.399999999999999856e-02
9.999999999999971412e-02
2.000000000000001776e-02
-7.000000000000020095e-03
2.100000000000000477e-02
3.299999999999997380e-02
